1111111111111111111111111111111111111111111111111111111111111111111111111111111111111111111111111111111133333333
1111111111111111111111111111111111111111111111111111111111111111111111111111111111111111111111111111111133333333
1111111111111111111111111111111111111111111111111111111111111111111111111111111111111111111111111111111133333333
1111111111111111111111111111111111111111111111111111111111111111111111111111111111111111111111111111111133333333
1111111111111111111111111111111111111111111111111111111111111111111111111111111111111111111111111111111133333333
44444444                555555555555555555                             555555555555555555               33333333
44444444              5555555555555555555555                          555555555555555555555             33333333
44444444             555555555555555555555555                        55555555555555555555555            33333333
44444444           5555555555555555555555555555                    555555555555555555555555555          33333333
44444444         5555555555555555555555555555555                 555555555555555555555555555555         33333333
44444444        5555555555555555555555555555555555              555555555555555555555555555555555       33333333
44444444      55555555555555555555555555555555555555          5555555555555555555555555555555555555     33333333
44444444     5555555555555555555555555555555555555555        555555555555555555555555555555555555555    33333333
44444444   55555555555555555555555555555555555555555555    5555555555555555555555555555555555555555555  33333333
44444444 55555555555555555555555555555555555555555555555 5555555555555555555555555555555555555555555555 33333333
4444444422222222222222222222222222222222222222222222222222222222222222222222222222222222222222222222222233333333
4444444422222222222222222222222222222222222222222222222222222222222222222222222222222222222222222222222233333333
4444444422222222222222222222222222222222222222222222222222222222222222222222222222222222222222222222222233333333
4444444422222222222222222222222222222222222222222222222222222222222222222222222222222222222222222222222233333333
4444444422222222222222222222222222222222222222222222222222222222222222222222222222222222222222222222222233333333
4444444422222222222222222222222222222222222222222222222222222222222222222222222222222222222222222222222233333333
4444444422222222222222222222222222222222222222222222222222222222222222222222222222222222222222222222222233333333
4444444422222222222222222222222222222222222222222222222222222222222222222222222222222222222222222222222233333333
4444444422222222222222222222222222222222222222222222222222222222222222222222222222222222222222222222222233333333
4444444400000000000000000000000000000000000000000000000000000000000000000000000000000000000000000000000033333333
44444444  00000000000000000000000000000000000000000000000000000000000000000000000000000000000000000000  33333333
44444444   000000000000000000000000000000000000000000000000000000000000000000000000000000000000000000   33333333
44444444    0000000000000000000000000000000000000000000000000000000000000000000000000000000000000000    33333333
44444444     00000000000000000000000000000000000000000000000000000000000000000000000000000000000000     33333333
44444444      000000000000000000000000000000000000000000000000000000000000000000000000000000000000      33333333
44444444        00000000000000000000000000000000000000000000000000000000000000000000000000000000        33333333
44444444         000000000000000000000000000000000000000000000000000000000000000000000000000000         33333333
44444444          0000000000000000000000000000000000000000000000000000000000000000000000000000          33333333
44444444           00000000000000000000000000000000000000000000000000000000000000000000000000           33333333
44444444            000000000000000000000000000000000000000000000000000000000000000000000000            33333333
44444444              00000000000000000000000000000000000000000000000000000000000000000000              33333333
44444444               000000000000000000000000000000000000000000000000000000000000000000               33333333
44444444                0000000000000000000000000000000000000000000000000000000000000000                33333333
44444444                 00000000000000000000000000000000000000000000000000000000000000                 33333333
44444444                  000000000000000000000000000000000000000000000000000000000000                  33333333
44444444                    00000000000000000000000000000000000000000000000000000000                    33333333
44444444                     000000000000000000000000000000000000000000000000000000                     33333333
44444444                      0000000000000000000000000000000000000000000000000000                      33333333
44444444                       00000000000000000000000000000000000000000000000000                       33333333
44444444                        000000000000000000000000000000000000000000000000                        33333333
44444444                          00000000000000000000000000000000000000000000                          33333333
44444444                           000000000000000000000000000000000000000000                           33333333
44444444                            0000000000000000000000000000000000000000                            33333333
44444444                             00000000000000000000000000000000000000                             33333333
44444444                              000000000000000000000000000000000000                              33333333
44444444                                00000000000000000000000000000000                                33333333
44444444                                 000000000000000000000000000000                                 33333333
44444444                                  0000000000000000000000000000                                  33333333
44444444                                   00000000000000000000000000                                   33333333
44444444                                    000000000000000000000000                                    33333333
44444444                                      00000000000000000000                                      33333333
44444444                                       000000000000000000                                       33333333
44444444                                        0000000000000000                                        33333333
44444444                                         00000000000000                                         33333333
44444444                                          000000000000                                          33333333
44444444                                           0000000000                                           33333333
44444444                                            00000000                                            33333333
44444444                                             000000                                             33333333
44444444                                              0000                                              33333333
44444444                                               00                                               33333333
4444444411111111111111111111111111111111111111111111111111111111111111111111111111111111111111111111111111111111
4444444411111111111111111111111111111111111111111111111111111111111111111111111111111111111111111111111111111111
4444444411111111111111111111111111111111111111111111111111111111111111111111111111111111111111111111111111111111
4444444411111111111111111111111111111111111111111111111111111111111111111111111111111111111111111111111111111111
4444444411111111111111111111111111111111111111111111111111111111111111111111111111111111111111111111111111111111
